9 0.345052 0.146759 0.0317708 0.0416667
5 0.333333 0.588426 0.117708 0.269444
9 0.457552 0.140278 0.0473958 0.0490741
0 0.686198 0.0796296 0.0276042 0.0444444
2 0.377604 0.208333 0.0416667 0.0592593
0 0.779688 0.287963 0.0375 0.0666667
2 0.377083 0.305556 0.0489583 0.0703704
7 0.334635 0.57963 0.115104 0.281481
9 0.25026 0.88287 0.0526042 0.0916667
2 0.546875 0.337963 0.0520833 0.0648148
2 0.359375 0.369907 0.0604167 0.100926
2 0.527604 0.212037 0.0458333 0.0740741
2 0.476562 0.830093 0.113542 0.156481
2 0.450781 0.189352 0.0432292 0.0583333
9 0.564844 0.138889 0.0453125 0.0444444
0 0.20651 0.18287 0.0328125 0.0564815
2 0.553385 0.410648 0.0598958 0.106481
2 0.628385 0.909259 0.102604 0.153704
2 0.466146 0.672222 0.0760417 0.135185
2 0.615625 0.755556 0.084375 0.124074
2 0.584115 0.599537 0.0744792 0.117593
2 0.465625 0.538426 0.0645833 0.0935185
